[
    {
        "camera_pair": [
            0,
            1
        ],
        "R": [
            [
                0.9994724988937378,
                0.00578327476978302,
                -0.031956955790519714
            ],
            [
                -0.0073685054667294025,
                0.9987363815307617,
                -0.049712229520082474
            ],
            [
                0.03162907809019089,
                0.04992148280143738,
                0.9982522130012512
            ]
        ],
        "T": [
            [
                7.084657669067383
            ],
            [
                1.3079081773757935
            ],
            [
                -2.0135645866394043
            ]
        ]
    },
    {
        "camera_pair": [
            0,
            2
        ],
        "R": [
            [
                0.776719331741333,
                0.002917409874498844,
                0.629840075969696
            ],
            [
                -0.019716747105121613,
                0.9996117949485779,
                0.019684523344039917
            ],
            [
                -0.6295381784439087,
                -0.027707748115062714,
                0.7764753699302673
            ]
        ],
        "T": [
            [
                -16.609363555908203
            ],
            [
                -0.8593839406967163
            ],
            [
                416.0392761230469
            ]
        ]
    },
    {
        "camera_pair": [
            0,
            3
        ],
        "R": [
            [
                0.9988135099411011,
                -0.002682648366317153,
                -0.04862452298402786
            ],
            [
                -0.0013723106821998954,
                0.996534526348114,
                -0.08316861093044281
            ],
            [
                0.04867912828922272,
                0.0831366628408432,
                0.9953485131263733
            ]
        ],
        "T": [
            [
                19.423694610595703
            ],
            [
                4.194295406341553
            ],
            [
                148.53561401367188
            ]
        ]
    },
    {
        "camera_pair": [
            1,
            2
        ],
        "R": [
            [
                0.763603150844574,
                0.016160720959305763,
                0.6454835534095764
            ],
            [
                -0.011076617054641247,
                0.9998674988746643,
                -0.011929722502827644
            ],
            [
                -0.6455908417701721,
                0.0019597995560616255,
                0.7636809945106506
            ]
        ],
        "T": [
            [
                -19.350114822387695
            ],
            [
                1.5744318962097168
            ],
            [
                423.28240966796875
            ]
        ]
    },
    {
        "camera_pair": [
            1,
            3
        ],
        "R": [
            [
                0.9999034404754639,
                0.00035169784678146243,
                -0.013889855705201626
            ],
            [
                -0.0010628113523125648,
                0.9986867308616638,
                -0.05122247338294983
            ],
            [
                0.013853599317371845,
                0.051232293248176575,
                0.9985906481742859
            ]
        ],
        "T": [
            [
                12.320226669311523
            ],
            [
                3.5553081035614014
            ],
            [
                150.85012817382812
            ]
        ]
    },
    {
        "camera_pair": [
            2,
            3
        ],
        "R": [
            [
                0.832074761390686,
                -0.014584867283701897,
                -0.5544717311859131
            ],
            [
                0.0656144842505455,
                0.9952232837677002,
                0.07228673249483109
            ],
            [
                0.5507689118385315,
                -0.09652934223413467,
                0.8290570974349976
            ]
        ],
        "T": [
            [
                257.3195495605469
            ],
            [
                -33.39094161987305
            ],
            [
                -189.7688446044922
            ]
        ]
    }
]